100
0 2
0 11
0 97
0 99
1 4
1 28
1 34
1 54
1 59
1 61
1 73
1 76
1 92
1 94
1 95
2 15
2 27
2 34
2 52
2 64
2 77
2 96
3 9
3 14
3 24
3 63
3 78
3 86
3 97
4 23
4 26
4 30
4 31
4 36
4 68
4 88
4 98
5 6
5 8
5 12
5 19
5 41
5 48
5 56
5 81
5 92
5 97
6 14
6 23
6 33
6 47
6 67
6 88
6 91
7 20
7 26
7 41
7 53
7 64
7 76
7 80
7 97
8 12
8 20
8 24
8 35
8 57
8 60
8 83
8 91
8 95
8 97
9 10
9 18
9 24
9 28
9 33
9 39
9 47
9 48
9 55
9 56
9 68
9 70
9 73
9 88
9 89
9 94
10 38
10 40
10 60
10 67
10 68
10 81
10 84
10 95
10 97
11 18
11 37
11 40
11 49
11 55
11 57
11 91
12 36
12 57
12 65
13 24
13 52
13 61
13 63
13 85
13 90
14 35
14 37
14 42
14 45
14 50
14 73
14 74
14 85
14 90
14 94
15 20
15 66
16 20
16 22
16 26
16 29
16 40
16 42
16 45
16 55
16 60
16 64
16 86
16 91
16 94
17 32
17 33
17 42
17 45
17 48
17 63
17 67
17 82
17 90
18 30
18 31
18 59
18 72
18 96
19 25
19 31
19 34
19 35
19 40
19 47
19 52
19 58
19 80
19 83
19 92
20 47
20 49
20 75
20 76
20 88
20 91
20 95
21 26
21 31
21 36
21 40
21 87
21 91
21 96
22 23
22 24
22 44
22 64
22 65
22 74
23 26
23 62
23 76
23 90
24 25
24 26
24 27
24 29
24 37
24 42
24 48
24 63
24 86
24 93
25 27
25 32
25 45
25 60
25 79
25 82
25 95
26 29
26 30
26 32
26 35
26 36
26 41
26 67
26 72
26 87
26 95
27 29
27 38
27 39
27 48
27 52
27 58
27 61
27 71
27 74
27 75
27 81
27 87
27 89
27 99
28 41
28 47
28 54
28 68
28 72
28 80
29 31
29 38
29 41
29 44
29 48
29 49
29 60
29 73
29 75
29 82
29 93
29 95
29 98
30 50
30 65
30 70
30 75
31 33
31 37
31 38
31 50
31 79
31 84
31 87
32 38
32 44
32 51
32 53
32 57
32 64
32 83
33 34
33 35
33 37
33 40
33 42
33 50
33 61
33 62
33 63
33 73
33 89
33 94
33 96
33 98
34 72
34 74
34 76
34 88
34 96
34 98
35 54
35 73
35 76
35 77
35 82
36 46
36 53
36 71
36 81
36 83
37 39
37 45
37 52
37 85
37 89
37 94
37 98
38 42
38 46
38 65
38 91
38 95
39 49
39 63
40 47
40 59
40 71
40 82
40 86
41 47
41 50
41 61
41 69
41 78
41 82
41 93
42 49
42 50
42 55
42 67
42 83
42 84
42 98
42 99
43 51
43 52
43 62
43 74
43 76
43 83
43 91
43 93
44 47
44 62
44 63
44 68
44 90
45 59
45 79
45 86
45 88
45 89
45 94
46 47
46 49
46 50
46 60
46 64
46 68
46 79
46 80
46 89
46 99
47 52
47 70
47 79
47 81
47 83
47 84
47 92
48 55
48 92
49 60
49 88
49 89
50 69
50 81
50 87
50 91
51 62
51 69
51 77
51 91
51 97
52 64
52 81
52 84
53 65
53 67
53 86
53 92
54 74
54 79
54 82
54 87
55 56
55 61
55 62
56 57
56 58
56 64
56 66
56 67
56 78
56 82
56 86
56 96
57 58
57 59
57 80
57 87
57 91
57 99
58 71
58 74
58 87
58 90
58 91
58 96
58 97
59 78
59 84
59 91
60 88
60 89
61 66
61 80
61 83
61 97
62 68
62 80
62 81
63 66
63 74
63 77
63 86
63 92
64 65
64 69
64 70
64 75
64 79
64 82
64 86
64 97
65 70
65 75
65 84
65 86
65 99
66 73
66 81
66 84
66 98
67 69
67 87
67 89
67 94
68 70
68 75
68 77
68 81
68 83
69 74
69 80
70 82
70 87
70 88
70 95
70 97
70 99
71 85
71 90
72 82
72 87
72 93
72 96
72 99
73 88
73 90
74 78
74 86
74 88
75 80
75 85
76 93
77 88
77 98
78 82
78 87
78 91
79 81
79 91
80 89
80 95
82 86
83 85
83 87
83 93
83 94
83 96
84 95
84 96
84 98
85 86
85 91
86 89
86 94
87 92
88 95
89 99
90 93
90 95
92 96
92 97
92 98
97 99
